0 0.047093 0.768539 0.094187 0.351893
0 0.385156 0.692361 0.092188 0.306944
0 0.636719 0.514583 0.051562 0.070833
0 0.735156 0.440972 0.029687 0.068056
0 0.976953 0.615972 0.046094 0.229167
0 0.521875 0.510417 0.054688 0.148611
0 0.594531 0.447222 0.040625 0.083333
0 0.569922 0.402778 0.021094 0.041667
0 0.486328 0.372222 0.028906 0.077778
0 0.423047 0.416667 0.033594 0.072222
0 0.387109 0.356944 0.022656 0.061111
0 0.351562 0.386806 0.032813 0.054167
0 0.268750 0.361806 0.021875 0.051389
0 0.217188 0.360417 0.025000 0.051389
0 0.294531 0.368056 0.018750 0.036111
0 0.164844 0.518056 0.073438 0.125000
0 0.143750 0.430556 0.031250 0.050000
0 0.179688 0.428472 0.034375 0.040278
0 0.375000 0.400694 0.032812 0.051389
