0 0.790287 0.706402 0.110375 0.332270
0 0.975717 0.663233 0.048565 0.172676
0 0.754231 0.524569 0.050037 0.091571
0 0.740250 0.440847 0.029433 0.068024
0 0.665195 0.482708 0.061810 0.122966
0 0.600784 0.431052 0.047308 0.068984
0 0.576864 0.394670 0.023920 0.056699
0 0.540797 0.437540 0.039773 0.087908
0 0.486870 0.459198 0.036549 0.075167
0 0.498516 0.412059 0.024724 0.061153
0 0.422731 0.420977 0.036549 0.067523
0 0.413031 0.379957 0.026526 0.035137
0 0.353477 0.381344 0.031207 0.058253
0 0.294964 0.367475 0.021325 0.036062
0 0.223448 0.369324 0.024966 0.050856
0 0.645703 0.407639 0.027344 0.040278
0 0.116406 0.382639 0.039062 0.098611
0 0.050781 0.454167 0.056250 0.091667
0 0.141964 0.420264 0.021365 0.033565
0 0.166310 0.425123 0.033289 0.039748
0 0.092279 0.374775 0.024346 0.046815
