0 0.121045 0.460469 0.041943 0.094187
0 0.377483 0.724062 0.117734 0.367591
0 0.628035 0.625296 0.071376 0.256398
0 0.635026 0.459815 0.030905 0.066716
0 0.591611 0.446080 0.038263 0.083722
0 0.557763 0.407489 0.029433 0.071948
0 0.488267 0.416103 0.021371 0.048630
0 0.434983 0.468279 0.041886 0.134745
0 0.476869 0.520708 0.049865 0.183882
0 0.498382 0.399640 0.015387 0.042045
0 0.354772 0.417116 0.035903 0.076997
0 0.291935 0.420809 0.030006 0.148849
0 0.337428 0.397578 0.031942 0.069692
0 0.234613 0.372215 0.031089 0.080502
0 0.201554 0.380849 0.023712 0.069774
0 0.168029 0.367766 0.023712 0.098846
0 0.149223 0.386663 0.031889 0.069774
