0 0.031889 0.769692 0.063778 0.312528
0 0.616926 0.794358 0.156173 0.411284
0 0.921096 0.729717 0.128373 0.229672
0 0.744481 0.536386 0.048242 0.095939
0 0.717907 0.506587 0.044154 0.143908
0 0.726901 0.449169 0.031071 0.061052
0 0.144526 0.532685 0.074453 0.188159
0 0.123358 0.445742 0.037956 0.060989
0 0.144891 0.379562 0.027007 0.045418
0 0.206934 0.382806 0.019708 0.036334
0 0.206569 0.358151 0.016058 0.031144
0 0.270895 0.350001 0.015770 0.057374
0 0.277405 0.374124 0.015586 0.027383
0 0.337000 0.394988 0.035023 0.053462
0 0.359829 0.412265 0.033006 0.060634
0 0.224543 0.396895 0.023653 0.019699
0 0.474343 0.394741 0.019178 0.046217
0 0.503111 0.398908 0.014916 0.025760
0 0.530599 0.460658 0.032390 0.085616
0 0.577799 0.459711 0.041553 0.077660
0 0.613386 0.422585 0.037291 0.045838
0 0.561945 0.391102 0.026819 0.032778
0 0.554403 0.422391 0.025142 0.056021
