0 0.146063 0.432998 0.033113 0.047093
0 0.097498 0.376748 0.031641 0.054942
0 0.223694 0.369553 0.026490 0.064099
0 0.295806 0.366936 0.022075 0.043169
0 0.356144 0.381980 0.030905 0.062791
0 0.427888 0.413376 0.031641 0.054942
0 0.388889 0.672390 0.074319 0.259014
0 0.625092 0.508217 0.041943 0.069332
0 0.730684 0.655384 0.126564 0.300875
0 0.978293 0.606328 0.043414 0.218461
0 0.665195 0.445426 0.027962 0.087646
0 0.604121 0.432344 0.044150 0.082414
0 0.572112 0.414030 0.013981 0.045785
0 0.499632 0.406835 0.030905 0.057559
0 0.489330 0.508217 0.035320 0.171368
0 0.524283 0.389175 0.015453 0.035320
0 0.580206 0.384597 0.016924 0.039245
0 0.646063 0.409451 0.023547 0.054942
0 0.411332 0.381980 0.019132 0.034012
0 0.452171 0.366282 0.021339 0.036628
