0 0.389625 0.688088 0.096394 0.306107
0 0.645327 0.516066 0.042678 0.058867
0 0.973878 0.605674 0.052244 0.230235
0 0.519117 0.390917 0.016187 0.021398
0 0.579298 0.390179 0.026978 0.056815
0 0.644045 0.405674 0.021997 0.046485
0 0.493177 0.509343 0.042334 0.177085
0 0.492762 0.387228 0.017432 0.049436
0 0.409338 0.385014 0.018262 0.031728
0 0.355590 0.379849 0.023657 0.052388
0 0.464539 0.372102 0.016602 0.026563
0 0.240234 0.431944 0.038281 0.075000
0 0.147656 0.425694 0.035937 0.054167
0 0.127734 0.379861 0.036719 0.118056
0 0.189453 0.380556 0.032031 0.108333
0 0.223438 0.364583 0.020313 0.054167
0 0.296484 0.365972 0.021094 0.040278
0 0.103516 0.370833 0.027344 0.061111
