0 0.617698 0.542303 0.053920 0.113651
0 0.716820 0.490069 0.050691 0.109059
0 0.720533 0.441853 0.029059 0.066583
0 0.633357 0.453620 0.025830 0.077489
0 0.621411 0.412580 0.023893 0.057400
0 0.655797 0.420329 0.033902 0.064861
0 0.545697 0.418320 0.024215 0.047068
0 0.551186 0.397082 0.019695 0.040180
0 0.480639 0.420042 0.028413 0.061991
0 0.495491 0.392203 0.020664 0.039606
0 0.378071 0.696421 0.109978 0.340783
0 0.249335 0.541561 0.089935 0.175417
0 0.131391 0.549783 0.075032 0.191862
0 0.117516 0.432839 0.034946 0.065781
0 0.429463 0.449741 0.042141 0.092276
0 0.394516 0.429184 0.034946 0.071263
0 0.378328 0.384416 0.029293 0.058472
0 0.327450 0.392639 0.033405 0.065781
0 0.028832 0.537226 0.057664 0.171290
0 0.049182 0.431287 0.053109 0.152187
0 0.198692 0.376488 0.032706 0.052330
0 0.241210 0.360498 0.019624 0.040701
0 0.268193 0.375761 0.022895 0.045062
0 0.065822 0.378668 0.020442 0.062506
