0 0.368253 0.695707 0.104403 0.292929
0 0.134943 0.544823 0.089489 0.190657
0 0.037287 0.779040 0.071733 0.340909
0 0.887429 0.505682 0.041903 0.112374
0 0.945312 0.664141 0.109375 0.333333
0 0.712003 0.478535 0.043324 0.078283
0 0.736151 0.537247 0.054688 0.114899
0 0.643821 0.457071 0.039063 0.068182
0 0.711648 0.431187 0.024148 0.039141
0 0.565341 0.455808 0.042614 0.075758
0 0.499645 0.530303 0.053267 0.171717
0 0.522372 0.458333 0.030540 0.078283
0 0.434304 0.462121 0.040483 0.113636
0 0.398438 0.431818 0.032670 0.083333
0 0.328125 0.394571 0.038352 0.066919
0 0.431818 0.378788 0.026989 0.037879
0 0.617543 0.411616 0.027699 0.045455
0 0.656960 0.428030 0.028409 0.065657
0 0.552912 0.407197 0.033381 0.071970
0 0.469460 0.389520 0.024148 0.059343
0 0.476918 0.415404 0.029119 0.060606
0 0.494318 0.393308 0.018466 0.029040
0 0.125355 0.429924 0.026278 0.046717
0 0.067457 0.374307 0.026983 0.053784
0 0.271872 0.373580 0.022077 0.040701
0 0.239984 0.357591 0.018806 0.037794
0 0.194603 0.380122 0.024530 0.050877
0 0.195012 0.360498 0.017171 0.037794
