0 0.954378 0.603058 0.091244 0.235467
0 0.630611 0.623988 0.088300 0.269479
0 0.712656 0.511487 0.052244 0.170060
0 0.715600 0.429074 0.025754 0.041861
0 0.639441 0.450004 0.033848 0.078489
0 0.654525 0.399640 0.040471 0.090262
0 0.620677 0.410760 0.025754 0.052326
0 0.585357 0.445426 0.040471 0.092879
0 0.553716 0.391791 0.040471 0.103344
0 0.520235 0.399640 0.029433 0.105960
0 0.470935 0.525223 0.055923 0.187066
0 0.116262 0.448696 0.038263 0.073256
0 0.134658 0.438885 0.035320 0.043169
0 0.210817 0.451312 0.062546 0.112501
0 0.395879 0.432998 0.035320 0.083722
0 0.431199 0.447388 0.044150 0.107268
0 0.483444 0.417954 0.027962 0.056251
0 0.493337 0.397428 0.017170 0.036629
0 0.428092 0.374840 0.021977 0.035408
0 0.067866 0.372127 0.040883 0.055238
0 0.267784 0.375761 0.026983 0.053784
0 0.186018 0.368493 0.026983 0.056691
