0 0.372701 0.732565 0.128771 0.337503
0 0.214496 0.447388 0.046358 0.096803
0 0.142752 0.429074 0.036792 0.041861
0 0.104121 0.518682 0.074319 0.283869
0 0.118469 0.424495 0.025018 0.037936
0 0.188742 0.414684 0.033113 0.062791
0 0.428992 0.472897 0.041207 0.129507
0 0.609272 0.542229 0.057395 0.095495
0 0.961737 0.606982 0.075055 0.285177
0 0.710081 0.486632 0.047093 0.115117
0 0.717439 0.441501 0.035320 0.071948
0 0.658940 0.422533 0.038999 0.057559
0 0.636497 0.448042 0.029433 0.074565
0 0.621413 0.415338 0.024283 0.043169
0 0.464113 0.464733 0.038903 0.074332
0 0.397941 0.434354 0.034540 0.084673
0 0.386125 0.391371 0.023269 0.055587
0 0.333588 0.392341 0.038903 0.073039
0 0.466658 0.393310 0.026541 0.053002
0 0.494472 0.396219 0.021088 0.040721
0 0.480474 0.408177 0.021451 0.053002
0 0.519558 0.411732 0.023996 0.111821
0 0.543191 0.389755 0.029813 0.113113
0 0.570823 0.401067 0.017452 0.033611
0 0.187653 0.361951 0.023712 0.049423
0 0.267784 0.373580 0.022077 0.034887
0 0.071954 0.375034 0.029436 0.058145
