0 0.501472 0.589976 0.066961 0.358433
0 0.233996 0.540921 0.072112 0.173984
0 0.136865 0.548770 0.077999 0.197531
0 0.040839 0.550078 0.081678 0.192298
0 0.029433 0.442809 0.054452 0.071948
0 0.115894 0.436268 0.047829 0.061483
0 0.404341 0.492519 0.062546 0.299567
0 0.316777 0.453274 0.044886 0.194915
0 0.336645 0.440193 0.031641 0.215845
0 0.607309 0.521892 0.039998 0.076751
0 0.714763 0.497061 0.043490 0.124155
0 0.713176 0.438370 0.026983 0.049662
0 0.639212 0.452760 0.032697 0.077315
0 0.663813 0.426801 0.026030 0.061513
0 0.617943 0.414949 0.028252 0.054741
0 0.543661 0.416925 0.019999 0.045147
0 0.553185 0.388990 0.018094 0.037811
0 0.461285 0.471948 0.044442 0.087473
0 0.436525 0.447681 0.029840 0.086344
0 0.465888 0.399712 0.021904 0.058127
0 0.494140 0.396044 0.018094 0.025960
0 0.483347 0.405920 0.019364 0.052484
0 0.267784 0.376488 0.018806 0.037794
0 0.238348 0.359044 0.017171 0.031980
0 0.182339 0.363405 0.022895 0.043609
0 0.054783 0.359771 0.027800 0.091578
