0 0.375644 0.750225 0.140545 0.419917
0 0.123252 0.451312 0.041943 0.065408
0 0.627299 0.628567 0.069904 0.265555
0 0.642268 0.451571 0.030981 0.095875
0 0.590442 0.443412 0.043603 0.087715
0 0.555924 0.407182 0.025308 0.052797
0 0.485165 0.419348 0.027374 0.063356
0 0.501176 0.398688 0.018594 0.039483
0 0.451335 0.360353 0.032022 0.049124
0 0.428480 0.378258 0.024017 0.033514
0 0.462052 0.520351 0.048808 0.189150
0 0.354699 0.422155 0.037585 0.077368
0 0.352523 0.365888 0.032442 0.070335
0 0.025756 0.368493 0.031889 0.117743
0 0.200327 0.375761 0.032706 0.062506
